0 85 154 199 
1 208 19 92 
2 134 78 97 
3 110 53 76 
4 222 126 220 
5 182 104 67 
6 225 195 204 
7 18 30 83 
8 176 16 141 
9 79 125 100 
10 89 149 159 
11 103 90 233 
12 117 130 137 
13 92 166 147 
14 113 58 145 
15 177 44 143 
16 176 8 191 
17 148 59 64 
18 138 32 123 
19 1 70 155 
20 91 46 234 
21 102 169 202 
22 180 232 135 
23 61 211 109 
24 201 184 185 
25 146 47 61 
26 119 181 50 
27 160 28 14 
28 198 210 145 
29 175 56 163 
30 7 196 97 
31 79 219 100 
32 215 18 79 
33 232 161 102 
34 61 187 25 
35 162 115 55 
36 142 203 84 
37 78 133 2 
38 128 49 111 
39 204 209 166 
40 236 175 238 
41 105 109 177 
42 114 82 190 
43 116 132 115 
44 105 143 177 
45 125 199 124 
46 194 173 148 
47 25 138 88 
48 26 50 62 
49 38 128 51 
50 26 48 181 
51 128 86 49 
52 22 161 232 
53 3 151 74 
54 226 12 66 
55 120 84 65 
56 29 163 193 
57 181 229 164 
58 14 113 144 
59 17 8 16 
60 101 216 182 
61 146 23 34 
62 202 169 168 
63 132 220 136 
64 157 20 234 
65 146 120 165 
66 130 54 12 
67 182 216 5 
68 198 208 191 
69 211 218 100 
70 19 147 139 
71 212 42 82 
72 109 218 207 
73 75 171 214 
74 168 169 53 
75 214 171 73 
76 110 3 126 
77 88 187 34 
78 192 2 196 
79 131 31 9 
80 218 226 117 
81 238 210 27 
82 42 239 114 
83 217 215 32 
84 184 55 36 
85 199 0 154 
86 51 205 52 
87 234 203 172 
88 25 77 47 
89 149 200 10 
90 112 183 11 
91 173 20 227 
92 166 13 1 
93 84 157 203 
94 124 137 100 
95 113 175 160 
96 135 205 48 
97 123 134 30 
98 165 120 179 
99 45 194 124 
100 9 31 94 
101 123 60 47 
102 232 21 22 
103 174 11 195 
104 143 5 77 
105 34 41 23 
106 126 221 222 
107 65 200 165 
108 180 154 189 
109 23 72 218 
110 167 76 3 
111 161 38 128 
112 159 183 90 
113 160 14 144 
114 122 239 42 
115 35 132 162 
116 115 140 43 
117 69 137 80 
118 107 162 121 
119 237 168 26 
120 98 55 65 
121 118 140 190 
122 200 89 114 
123 18 101 138 
124 99 94 45 
125 9 235 215 
126 222 106 4 
127 147 139 174 
128 52 49 51 
129 207 15 177 
130 12 137 99 
131 146 138 79 
132 115 63 142 
133 78 37 192 
134 97 2 216 
135 202 96 22 
136 142 63 132 
137 94 117 124 
138 131 18 47 
139 127 70 147 
140 116 121 118 
141 166 176 150 
142 132 136 36 
143 44 104 15 
144 113 163 95 
145 27 28 14 
146 219 25 61 
147 13 70 127 
148 194 46 99 
149 165 89 10 
150 185 231 141 
151 237 53 119 
152 179 225 149 
153 208 213 198 
154 85 0 108 
155 19 153 70 
156 57 230 227 
157 93 64 206 
158 140 212 221 
159 10 112 89 
160 211 113 27 
161 128 232 111 
162 118 35 65 
163 29 144 95 
164 181 167 229 
165 65 98 149 
166 201 13 176 
167 164 110 4 
168 119 62 74 
169 202 21 62 
170 112 159 239 
171 75 192 73 
172 229 87 136 
173 99 91 46 
174 209 195 103 
175 95 236 29 
176 141 8 166 
177 44 15 41 
178 197 191 68 
179 98 225 152 
180 235 214 217 
181 26 164 57 
182 60 67 5 
183 10 112 233 
184 24 84 120 
185 201 150 24 
186 221 224 228 
187 34 77 88 
188 175 193 40 
189 108 73 154 
190 121 140 122 
191 68 178 208 
192 171 78 196 
193 188 29 56 
194 99 148 46 
195 209 233 174 
196 30 7 192 
197 145 178 68 
198 27 28 208 
199 45 85 124 
200 107 122 89 
201 179 24 185 
202 22 169 135 
203 36 87 136 
204 6 209 39 
205 52 86 96 
206 24 231 157 
207 41 72 129 
208 198 68 1 
209 204 174 39 
210 28 198 213 
211 219 23 61 
212 158 71 224 
213 153 210 198 
214 217 180 108 
215 79 125 217 
216 60 67 182 
217 215 83 214 
218 69 80 109 
219 25 146 31 
220 63 4 229 
221 43 186 106 
222 63 126 4 
223 226 207 72 
224 212 186 158 
225 179 152 201 
226 80 54 223 
227 91 20 156 
228 186 106 76 
229 164 172 220 
230 156 227 154 
231 150 206 141 
232 22 102 161 
233 195 183 225 
234 20 87 93 
235 125 180 45 
236 175 40 238 
237 202 151 119 
238 236 81 160 
239 114 82 42 
