MODEL: D31 
N_ATTRIBUTES: 2 
N_OBJECTS: 3100 
DATASET:
20.683700 20.391600 15
5.462300 19.306000 5
23.551800 15.842200 26
24.193500 8.601800 11
13.995300 26.861500 22
7.166600 20.101800 21
11.734400 14.140200 17
22.118900 15.828400 26
16.224000 8.951400 13
7.661100 20.504300 21
21.622100 12.169100 27
18.436600 26.955800 9
17.907600 24.964000 9
21.339200 5.740600 25
18.050200 25.026100 9
5.979800 9.344700 30
22.935400 15.366100 26
9.567800 10.568300 3
4.540000 9.278000 30
24.908800 24.929500 4
18.383700 24.616700 9
16.191800 21.468000 29
9.767900 25.007700 28
10.432600 24.517800 28
23.524200 15.297100 26
15.184400 9.731100 13
24.630500 6.835400 1
4.567600 27.917200 20
8.063600 11.108800 3
20.704400 27.441100 7
21.905000 12.435900 27
24.543100 28.692300 23
15.092400 15.989400 14
5.639400 17.976600 31
25.775900 28.692300 23
20.481300 19.016200 15
21.451900 3.877600 25
16.589700 26.146200 9
17.144000 26.139300 9
12.155300 14.404700 17
27.337600 14.630100 12
5.788900 16.893300 31
22.063700 27.896500 7
11.313500 9.215900 19
16.564400 21.010300 29
27.744700 16.874900 18
13.464000 19.354300 8
15.688100 7.918700 13
14.473700 26.965000 22
3.978800 10.223300 30
11.210000 14.287400 17
25.187100 14.512800 12
13.519200 17.532700 8
25.120400 14.229900 12
10.715500 23.052700 28
27.556100 13.213300 12
8.408600 15.789300 16
22.555900 16.730000 26
21.778500 26.712000 7
9.434400 12.348500 3
7.746200 15.283300 16
23.843900 7.891100 11
24.354500 24.402800 4
27.268600 17.834000 18
27.986200 17.360200 18
8.845600 11.561900 3
27.137500 10.943200 6
17.539600 11.479100 2
24.464900 14.549600 12
23.945100 10.292300 27
24.589100 24.297000 4
21.486400 19.703900 15
5.841800 27.459500 20
3.981100 10.761500 30
23.512700 8.107300 11
14.080400 27.533100 22
13.146600 26.896000 22
15.294800 14.765800 14
16.010100 14.761200 14
25.759800 10.561400 6
13.753800 27.947100 22
9.961100 24.439600 28
25.695400 5.986700 1
24.412000 27.404300 23
8.077400 10.669500 3
23.400000 18.392900 26
25.433200 25.495300 4
24.198100 10.860400 27
15.731800 22.491500 29
20.177700 20.021300 15
26.610800 22.109700 24
20.959700 18.461900 15
25.966800 25.079000 4
8.420100 19.699300 21
12.171400 15.405200 17
4.793000 20.364000 5
15.476500 14.050500 14
25.253800 5.568100 1
8.162500 10.474000 3
9.041100 8.546600 19
26.024300 7.557600 1
16.633400 13.429500 14
21.663500 17.351000 26
23.869200 23.853100 4
11.306600 21.399000 10
22.270700 5.577300 25
26.737300 4.475600 1
17.732800 11.210000 2
22.537500 15.966400 26
25.410200 14.637000 12
20.341000 5.565800 25
19.901700 26.258900 7
23.305700 8.061300 11
5.211600 27.694100 20
26.638400 13.404200 12
10.538400 8.164800 19
5.577300 9.503400 30
6.067200 19.869500 5
9.611500 15.665100 16
15.048700 22.539800 29
24.924900 13.760700 12
24.632800 6.750300 1
11.856300 25.934600 28
8.613300 14.045900 16
20.683700 19.869500 15
11.113400 22.082100 10
16.118200 15.253400 14
24.798400 24.478700 4
27.086900 9.303300 6
17.279700 14.926800 14
18.116900 24.506300 9
27.675700 9.581600 6
26.771800 5.533600 1
5.347300 20.389300 5
21.511700 27.951700 7
10.356700 24.315400 28
4.535400 9.443600 30
14.252900 21.691100 29
28.289800 17.953600 18
13.454800 26.758000 22
11.396300 7.518500 19
4.149000 27.298500 20
24.041700 11.780400 27
23.726600 26.109400 4
6.600800 27.827500 20
11.164000 21.974000 10
5.972900 27.990800 20
13.309900 21.033300 10
4.395100 20.136300 5
4.701000 9.142300 30
15.343100 15.416700 14
21.065500 27.719400 7
27.252500 21.861300 24
14.952100 20.410000 8
26.261200 22.613400 24
21.769300 16.219400 26
27.404300 17.086500 18
22.160300 16.953100 26
17.406200 25.902400 9
22.963000 11.900000 27
14.137900 18.990900 8
14.308100 17.988100 8
25.824200 14.648500 12
5.092000 27.553800 20
9.259600 24.221100 28
21.477200 27.484800 7
11.833300 7.168900 19
24.027900 9.853000 11
26.721200 21.008000 24
15.469600 8.841000 13
24.897300 7.191900 1
8.111900 21.778500 21
27.282400 21.474900 24
17.608600 11.720600 2
23.984200 23.383900 4
25.798900 14.671500 12
21.019500 26.505000 7
6.046500 17.505100 31
22.659400 16.150400 26
23.308000 11.019100 27
22.942300 17.213000 26
14.860100 22.289100 29
27.121400 18.259500 18
19.793600 19.324400 15
22.581200 5.043700 25
23.078000 16.069900 26
25.437800 27.595200 23
27.273200 19.517600 18
4.291600 9.149200 30
26.965000 15.071700 12
20.370900 6.053400 25
8.916900 19.841900 21
10.819000 23.832400 28
26.999500 17.323400 18
14.945200 8.769700 13
7.325300 9.664400 3
20.702100 19.754500 15
17.836300 11.856300 2
8.261400 15.246500 16
27.291600 11.971300 6
9.181400 25.389500 28
20.626200 18.993200 15
27.126000 6.110900 1
12.077100 13.760700 17
23.570200 8.088900 11
21.336900 19.717700 15
15.747900 9.342400 13
16.845000 10.667200 2
21.974000 27.204200 7
25.272200 24.770800 4
18.537800 25.525200 9
24.531600 23.807100 4
21.254100 5.593400 25
15.676600 22.381100 29
26.010500 6.837700 1
7.095300 11.143300 3
26.672900 17.344100 18
22.463900 11.364100 27
10.549900 23.947400 28
21.132200 19.855700 15
12.833800 18.220400 8
24.832900 16.037700 12
28.411700 18.119200 18
24.911100 24.816800 4
8.716800 14.243700 16
20.732000 26.755700 7
13.790600 26.263500 22
13.337500 19.416400 8
11.228400 14.653100 17
4.772300 19.837300 5
9.878300 19.556700 21
21.960200 8.376400 11
4.730900 26.730400 20
24.122200 24.692600 4
22.509900 12.109300 27
26.548700 21.479500 24
17.900700 14.312700 14
10.570600 23.876100 28
16.240100 21.693400 29
17.622400 12.921200 14
3.748800 26.061100 20
13.979200 18.857500 8
24.697200 24.444200 4
15.037200 9.554000 13
5.432400 27.500900 20
7.668000 20.391600 21
27.181200 6.297200 1
18.070900 24.950200 9
16.320600 16.159600 14
17.369400 25.104300 9
21.451900 4.701000 25
22.760600 5.940700 25
23.802500 26.971900 23
21.244900 20.037400 15
15.269500 21.493300 29
24.591400 25.578100 4
4.592900 8.905400 30
25.752900 5.156400 1
4.659600 11.021400 30
27.744700 10.970800 6
28.669300 17.477500 18
21.854400 11.164000 27
26.321000 10.540700 6
9.071000 10.218700 3
11.670000 8.576500 19
10.179600 7.957800 19
26.873000 10.361300 6
11.366400 13.781400 17
14.462200 19.591200 8
5.190900 16.145800 31
6.062600 17.086500 31
9.172200 10.572900 3
5.287500 10.149700 30
12.302500 7.996900 19
26.585500 6.842300 1
25.481500 27.247900 23
22.896300 11.750500 27
16.681700 26.111700 9
16.345900 8.569600 13
5.793500 17.449900 31
24.340700 23.588600 4
11.831000 21.707200 10
26.419900 24.722500 4
14.119500 25.716100 22
15.292500 16.419500 14
23.321800 24.876600 4
9.802400 23.970400 28
10.411900 25.973700 28
18.100800 11.364100 2
12.905100 25.780500 22
26.564800 15.603000 12
6.041900 17.362500 31
3.962700 20.888400 5
10.414200 24.520100 28
23.471300 17.613200 26
16.134300 21.141400 29
22.463900 6.635300 11
16.479300 14.998100 14
9.788600 24.559200 28
23.204500 7.964700 11
5.526700 16.088300 31
8.459200 10.333700 3
23.220600 6.851500 11
8.755900 21.771600 21
26.695900 10.239400 6
10.510800 14.991200 16
9.158400 15.324700 16
25.610300 13.937800 12
26.771800 10.267000 6
5.740600 15.964100 31
5.561200 27.666500 20
16.428700 8.916900 13
25.746000 11.433100 6
23.211400 7.967000 11
26.774100 8.827200 6
24.851300 24.485600 4
21.732500 26.590100 7
22.443200 4.089200 25
23.195300 8.601800 11
16.831200 8.571900 13
17.334900 15.179800 14
23.278100 9.022700 11
20.278900 18.606800 15
10.004800 21.454200 21
23.262000 24.752400 4
25.203200 28.338100 23
10.276200 24.651200 28
6.849200 28.395600 20
19.683200 18.351500 15
4.659600 10.285400 30
26.088700 15.899700 12
8.498300 16.224000 16
27.622800 15.274100 12
25.387200 15.662800 12
12.061000 8.346500 19
24.435000 8.581100 11
26.390000 13.802100 12
22.772100 8.151000 11
21.592200 26.873000 7
26.309500 14.540400 12
5.483000 11.111100 30
21.686500 12.040300 27
12.438200 22.095900 10
19.331300 19.637200 15
9.080200 21.534700 21
25.417100 27.109900 23
15.379900 21.311600 29
25.718400 23.935900 4
5.133400 20.773400 5
15.124600 9.797800 13
26.585500 10.145100 6
5.439300 19.660200 5
7.962400 16.040000 16
12.649800 18.579200 8
24.294700 13.431800 12
25.559700 13.912500 12
23.137800 15.918100 26
4.590600 19.301400 5
22.135000 5.982100 25
25.161800 6.306400 1
24.147500 26.689000 4
5.354200 17.201500 31
22.167200 26.992600 7
26.311800 16.290700 18
22.358100 11.642400 27
17.495900 11.559600 2
11.032900 7.339100 19
16.819700 12.116200 2
14.211500 25.989800 22
26.369300 14.579500 12
15.835300 21.686500 29
25.808100 9.457400 6
21.215000 27.418100 7
27.694100 23.526500 24
9.234300 21.461100 21
14.418500 9.310200 13
13.061500 26.965000 22
21.601400 20.490500 15
7.408100 9.800100 3
26.792500 21.382900 24
10.430300 23.475900 28
12.171400 20.782600 10
24.478700 17.942100 26
20.927500 26.040400 7
10.575200 8.590300 19
15.642100 8.866300 13
25.341200 13.963100 12
26.077200 24.908800 4
20.364000 18.245700 15
22.328200 5.351900 25
15.207400 28.119600 22
23.857700 11.812600 27
24.669600 8.203900 11
8.820300 25.090500 28
15.246500 22.169500 29
24.632800 5.347300 1
8.891600 14.696800 16
25.049100 6.060300 1
11.791900 8.061300 19
5.722200 10.517700 30
22.601900 29.451300 7
23.719700 23.448300 4
22.624900 15.419000 26
28.621000 16.463200 18
16.021600 9.666700 13
24.605200 14.995800 12
24.853600 24.952500 4
22.615700 11.851700 27
24.812200 9.294100 11
6.207500 15.669700 31
20.502000 27.047800 7
22.919300 4.358300 25
5.257600 10.957000 30
4.615900 10.115200 30
26.058800 21.120700 24
18.862100 25.205500 9
10.681000 23.335600 28
9.602300 9.052600 3
9.441300 23.055000 21
15.879000 20.419200 29
25.191700 27.563000 23
16.237800 13.843500 14
24.271700 27.627400 23
11.741300 22.148800 10
15.897400 21.484100 29
16.274600 16.141200 14
12.240400 21.247200 10
8.594900 15.202800 16
21.780800 12.104700 27
4.873500 9.859900 30
9.082500 22.135000 28
25.260700 27.351400 23
22.590400 8.420100 11
12.923500 21.675000 10
16.189500 9.968000 2
11.690700 14.443800 17
25.302100 24.520100 4
22.857200 16.203300 26
8.900800 16.017000 16
5.089700 19.890200 5
14.411600 9.485000 13
22.687000 10.894900 27
13.924000 19.388800 8
25.099700 29.078700 23
9.618400 25.398700 28
11.605600 14.660000 17
10.993800 8.714500 19
7.511600 15.152200 16
8.636300 9.813900 3
23.749600 8.889300 11
16.914000 26.682100 22
17.187700 11.982800 2
28.262200 18.894300 18
26.707400 13.857300 12
22.072900 5.269100 25
20.345600 19.055300 15
22.565100 6.071800 25
16.217100 14.995800 14
22.498400 11.957500 27
26.229000 22.098200 24
12.415200 21.939500 10
25.693100 15.444300 12
21.822200 27.183500 7
22.171800 12.003500 27
13.349000 18.234200 8
4.632000 11.672300 30
14.885400 26.944300 22
28.354200 16.656400 18
5.648600 27.204200 20
5.676200 27.323800 20
15.747900 22.698500 29
14.390900 22.192500 29
11.644700 15.527100 17
27.926400 10.710900 6
9.181400 24.973200 28
25.651700 23.945100 4
5.853300 16.410300 31
10.395800 23.436800 28
4.940200 27.208800 20
9.252700 10.855800 3
11.495200 7.845100 19
4.806800 8.139500 30
21.813000 7.095300 25
18.533200 27.006400 9
16.661000 16.389600 14
17.804100 11.702200 2
17.873100 15.143000 14
27.576800 21.589900 24
25.732200 15.688100 12
12.157600 8.824900 19
9.052600 22.151100 21
7.870400 10.957000 3
26.408400 12.686600 6
7.826700 15.350000 16
5.055200 18.236500 5
16.380400 15.037200 14
12.992500 20.292700 8
18.093900 26.054200 9
10.980000 8.914600 19
23.211400 8.410900 11
26.369300 22.631800 24
4.066200 9.841500 30
4.390500 27.825200 20
5.411700 11.005300 30
8.171700 9.068700 3
5.301300 19.423300 5
15.800800 14.243700 14
12.829200 22.986000 10
18.038700 25.545900 9
20.508900 19.294500 15
16.067600 10.812100 2
12.205900 21.589900 10
25.483800 7.014800 1
24.724800 24.110700 4
26.180700 14.802600 12
15.798500 13.799800 14
22.963000 4.519300 25
18.875900 25.398700 9
9.687400 15.423600 16
20.640000 17.173900 26
20.784900 20.476700 15
22.256900 5.844100 25
5.496800 16.182600 31
7.847400 21.104600 21
12.291000 21.136800 10
4.744700 26.813200 20
14.183900 26.341700 22
11.617100 15.718000 17
22.222400 8.213100 11
27.238700 22.300600 24
15.000400 9.179100 13
5.469200 10.009400 30
11.568800 15.649000 17
4.599800 26.376200 20
24.934100 28.250700 23
20.350200 19.669400 15
13.001700 6.619200 19
10.754600 8.169400 19
20.883800 27.448000 7
24.536200 16.911700 12
17.217600 14.821000 14
20.568700 27.461800 7
25.217000 7.753100 1
10.837400 14.298900 17
4.319200 20.170800 5
10.821300 20.656100 10
21.997000 10.004800 11
26.693600 8.967500 6
5.248400 17.661500 31
12.481900 13.687100 17
24.333800 5.167900 1
23.848500 28.006900 23
4.397400 8.760500 30
26.753400 15.639800 12
22.390300 11.262900 27
21.895800 8.990500 11
23.374700 28.370300 23
8.792700 10.087600 3
5.368000 17.500500 31
11.996600 7.766900 19
14.448400 17.781100 8
13.523800 18.107700 8
22.307500 26.249700 7
24.389000 8.804200 11
6.228200 10.154300 30
13.392700 17.252100 8
4.645800 27.671100 20
14.358700 26.799400 22
15.354600 19.177200 8
27.503200 18.397500 18
11.653900 22.197100 10
12.196700 9.367700 19
16.527600 15.184400 14
23.903700 7.980800 11
16.610400 20.945900 29
12.909700 19.207100 8
7.806000 22.072900 21
16.207900 9.388400 13
22.930800 16.081400 26
7.757700 9.974900 3
24.793800 28.742900 23
24.697200 24.552300 4
16.060700 9.158400 13
13.047700 26.840800 22
25.709200 15.011900 12
14.259800 26.010500 22
7.732400 9.595400 3
16.688600 14.719800 14
19.271500 18.450400 15
20.686000 27.788400 7
9.243500 10.621200 3
9.556300 15.692700 16
25.994400 27.020200 23
7.214900 16.794400 31
11.886200 20.874600 10
8.836400 20.784900 21
21.267900 19.197900 15
5.793500 10.600500 30
5.581900 9.993300 30
11.157100 9.878300 19
27.705600 18.737900 18
26.495800 5.903900 1
7.817500 8.693800 3
19.768300 19.986800 15
15.612200 11.881600 13
15.759400 8.401700 13
18.105400 25.978300 9
14.492100 21.553100 29
19.522200 27.514700 7
22.914700 7.815200 11
4.767700 28.572700 20
26.551000 17.624700 18
5.897000 28.533600 20
20.120200 19.073700 15
8.813400 14.264400 16
19.952300 18.804600 15
27.247900 10.184200 6
26.661400 15.708800 12
15.584600 22.505300 29
23.250500 5.188600 25
9.694300 23.199900 21
12.693500 20.732000 10
14.045900 26.346300 22
17.123300 11.610200 2
11.584900 9.765600 19
11.810300 8.226900 19
5.025300 18.156000 31
25.677000 5.908500 1
17.868500 26.771800 9
24.851300 23.432200 4
13.188000 18.618300 8
11.545800 7.366700 19
5.064400 17.564900 31
11.216900 22.245400 10
24.285500 24.269400 4
27.024800 17.491300 18
24.126800 7.817500 11
11.465300 20.968900 10
24.607500 24.602900 4
8.107300 22.123500 21
7.270100 20.055800 5
22.289100 11.987400 27
22.641000 8.436200 11
27.257100 22.647900 24
3.801700 10.704000 30
16.686300 13.864200 14
25.272200 6.867600 1
27.001800 14.841700 12
21.054000 28.581900 7
14.871600 17.907600 8
16.431000 15.531700 14
23.029700 8.507500 11
14.517400 22.705400 29
23.119400 5.621000 25
21.530100 27.517000 7
11.647000 9.163000 19
27.714800 11.175500 6
26.900600 21.261000 24
22.707700 15.384500 26
4.061600 9.997900 30
14.358700 18.225000 8
27.737800 16.927800 18
21.783100 26.751100 7
17.696000 11.941400 2
24.853600 5.515200 1
8.026800 20.324900 21
23.390800 9.225100 11
7.527700 10.699400 3
24.055500 16.562100 26
26.031200 10.060000 6
7.909500 9.006600 3
11.527400 15.113100 17
25.562000 15.147600 12
26.921300 11.996600 6
5.993600 17.702900 31
13.353600 26.302600 22
27.353700 21.594500 24
22.367300 13.261600 27
13.468600 18.892000 8
20.798700 27.142100 7
11.552700 13.873400 17
21.111500 27.206500 7
22.542100 5.874000 25
25.539000 6.377700 1
7.697900 10.140500 3
22.864100 13.142000 27
4.319200 16.661000 31
22.355800 16.224000 26
22.714600 12.008100 27
6.110900 10.669500 30
22.636400 6.865300 25
21.215000 27.241000 7
11.159400 21.445000 10
5.487600 10.724700 30
11.400900 23.981900 28
17.369400 11.559600 2
22.930800 13.245500 27
6.345500 20.083400 5
8.767400 15.253400 16
15.761700 14.347200 14
26.134700 5.016100 1
22.661700 6.442100 25
25.226200 27.519300 23
13.027000 18.356100 8
9.790900 9.156100 19
5.453100 17.415400 31
27.402000 10.908700 6
23.475900 16.815100 26
13.546800 18.880500 8
17.102600 13.171900 2
5.680800 27.937900 20
24.244100 11.573400 27
12.008100 16.113600 17
23.195300 15.782400 26
9.337800 15.501800 16
24.299300 28.549700 23
14.844000 22.072900 29
25.670100 27.126000 23
10.890300 24.734000 28
16.389600 8.588000 13
5.009200 11.515900 30
8.137200 10.301500 3
16.741500 11.879300 2
8.691500 20.377800 21
4.721700 16.005500 31
25.481500 29.361600 23
5.425500 11.810300 30
22.675500 4.602100 25
14.660000 22.256900 29
17.084200 25.424000 9
11.113400 7.226400 19
4.719400 9.514900 30
14.384000 9.954200 13
23.018200 8.785800 11
14.735900 27.482500 22
14.648500 18.772400 8
14.823300 26.284200 22
24.538500 29.796300 23
25.244600 5.959100 1
13.413400 26.767200 22
12.222000 14.662300 17
20.042000 20.191500 15
11.021400 21.658900 10
21.458800 27.422700 7
16.656400 9.924300 13
27.047800 10.480900 6
24.653500 23.064200 4
11.175500 25.996700 28
9.627600 24.310800 28
12.838400 18.984000 8
14.473700 25.571200 22
19.897100 19.324400 15
16.072200 9.022700 13
21.686500 12.233500 27
17.843200 25.962200 9
21.762400 26.583200 7
26.408400 14.616300 12
23.745000 9.084800 11
11.177800 14.183900 17
14.342600 19.706200 8
8.990500 10.800600 3
15.566200 22.691600 29
25.483800 4.933300 1
26.928200 11.391700 6
16.493100 9.305600 13
13.427200 17.974300 8
24.970900 23.979600 4
23.015900 5.913100 25
23.036600 15.414400 26
20.697500 19.825800 15
15.966400 9.991000 13
14.223000 18.001900 8
24.996200 27.804500 23
13.362800 19.285300 8
23.572500 9.280300 11
14.528900 8.730600 13
7.911800 9.084800 3
7.060800 16.086000 31
23.213700 12.557800 27
22.160300 28.483000 7
3.974200 10.181900 30
27.351400 20.589400 24
25.338900 27.857400 23
16.895600 11.106500 2
9.485000 22.935400 28
21.157500 4.880400 25
4.744700 27.121400 20
8.795000 15.186700 16
26.072600 10.911000 6
23.179200 11.111100 27
16.251600 13.273100 14
21.341500 13.112100 27
25.718400 22.491500 24
6.444400 16.203300 31
14.312700 25.964500 22
13.197200 19.450900 8
14.239100 19.552100 8
9.556300 14.906100 16
5.690000 18.395200 5
23.287300 23.114800 4
10.589000 23.853100 28
24.913400 24.605200 4
11.076600 9.025000 19
26.624600 21.240300 24
14.926800 10.384300 13
25.670100 10.922500 6
22.921600 11.630900 27
9.816200 23.894500 28
6.340900 17.785700 31
15.297100 14.671500 14
27.868900 21.769300 24
8.413200 21.111500 21
4.556100 28.478400 20
25.497600 25.180200 23
4.227200 10.227900 30
21.964800 15.660500 26
20.975800 19.094400 15
8.654700 24.757000 28
23.745000 27.406600 23
5.611800 17.380900 31
25.580400 15.416700 26
7.403500 20.177700 21
24.416600 28.517500 23
4.834400 27.052400 20
24.244100 27.648100 23
26.613100 11.573400 6
16.615000 12.070200 2
6.366200 9.404500 30
6.271900 27.468700 20
21.116100 19.554400 15
14.158600 25.541300 22
8.169400 10.786800 3
26.714300 9.471200 6
24.665000 23.620800 4
5.669300 27.022500 20
12.624500 19.340500 8
12.300200 8.624800 19
22.493800 11.469900 27
22.068300 17.279700 26
21.997000 10.814400 27
6.048800 16.210200 31
5.138000 16.615000 31
26.716600 17.514300 18
11.168600 15.513300 17
19.425600 19.306000 15
10.894900 9.903600 19
14.942900 21.449600 29
20.635400 29.787100 7
25.805800 24.632800 4
21.219600 5.763600 25
22.972200 10.168100 11
11.366400 20.927500 10
4.160500 10.041600 30
17.445300 9.866800 2
15.862900 18.027200 8
9.388400 15.267200 16
5.897000 17.362500 31
11.598700 20.826300 10
6.688200 16.242400 31
11.076600 23.871500 28
23.144700 14.970500 26
25.819600 21.083900 24
16.173400 15.221200 14
13.979200 17.472900 8
16.693200 10.536100 13
13.240900 26.870700 22
27.126000 21.974000 24
18.434300 12.447400 2
27.038600 10.037000 6
25.196300 27.247900 23
22.093600 6.106300 25
26.822400 5.667000 1
15.752500 9.738000 13
22.457000 11.315800 27
8.686900 11.000700 3
17.196900 14.952100 14
25.962200 27.006400 23
21.507100 5.089700 25
5.200100 28.046000 20
15.474200 21.969400 29
26.275000 5.588800 1
4.908000 29.299500 20
7.396600 15.892800 16
23.271200 16.364300 26
8.818000 15.402900 16
23.153900 11.417000 27
25.582700 23.786400 4
12.008100 21.730200 10
6.124700 20.088000 5
21.707200 15.575400 26
13.682500 26.769500 22
16.794400 14.453000 14
4.832100 28.103500 20
15.603000 16.930100 8
22.804300 15.405200 26
6.317900 27.728600 20
8.640900 22.420200 21
18.827600 19.427900 15
15.846800 22.857200 29
4.816000 17.003700 31
27.668800 16.000900 18
26.114000 21.304700 24
21.318500 5.917700 25
18.921900 18.275600 15
11.980500 21.106900 10
22.215500 12.159900 27
16.463200 10.658000 2
17.799500 14.121800 14
28.726800 26.721200 23
9.533300 24.869700 28
8.199300 9.786300 3
22.245400 5.821100 25
27.224900 5.572700 1
15.862900 14.763500 14
15.685800 21.120700 29
9.508000 23.843900 28
16.359700 17.123300 14
21.123000 19.105900 15
24.860500 23.443700 4
15.598400 9.855300 13
10.276200 24.423500 28
5.989000 26.238200 20
12.831500 22.022300 10
11.198500 8.344200 19
14.236800 26.974200 22
24.954800 28.710700 23
6.421400 20.571000 5
14.142500 19.400300 8
19.536000 20.058100 15
8.737500 15.140700 16
25.867900 22.003900 24
23.275800 8.703000 11
8.693800 21.001100 21
25.371100 28.289800 23
13.845800 19.354300 8
6.269600 27.321500 20
14.982000 21.003400 29
28.144900 16.559800 18
5.899300 16.543700 31
22.118900 27.461800 7
26.424500 10.292300 6
15.704200 22.141900 29
17.362500 12.003500 2
13.963100 27.503200 22
4.565300 10.566000 30
12.132300 20.925200 10
27.038600 15.807700 18
20.773400 29.375400 7
22.712300 12.077100 27
24.147500 16.720800 26
10.963900 24.964000 28
21.870500 4.185800 25
25.985200 28.531300 23
17.259000 11.748200 2
28.151800 10.545300 6
26.544100 14.485200 12
12.516400 17.824800 8
22.365000 11.870100 27
16.182600 8.896200 13
27.103000 21.327700 24
21.090800 26.436000 7
15.126900 20.446800 29
26.889100 21.964800 24
22.273000 11.932200 27
27.066200 16.631100 18
27.836700 22.622600 24
8.456900 21.318500 21
9.202100 11.007600 3
25.295200 27.057000 23
12.417500 13.305300 17
20.177700 19.193300 15
25.102000 25.320500 4
17.392400 14.623200 14
15.764000 8.916900 13
16.904800 13.896400 14
5.763600 10.508500 30
12.714200 21.178200 10
24.094600 27.093800 23
10.697100 21.550800 10
14.887700 21.907300 29
26.180700 15.239600 12
4.335300 10.165800 30
21.608300 7.265500 11
6.081000 10.161200 30
12.146100 7.755400 19
15.126900 21.656600 29
27.629700 10.020900 6
5.423200 27.270900 20
12.079400 8.532800 19
25.440100 24.418900 4
13.498500 27.151300 22
4.328400 26.997200 20
24.837500 6.787100 11
16.605800 14.991200 14
24.609800 24.708700 4
25.913900 17.949000 18
14.940600 27.675700 22
12.907400 15.775500 17
27.360600 24.037100 24
13.487000 22.089000 10
27.109900 27.059300 23
27.344500 6.469700 1
6.062600 27.073100 20
16.272300 9.103200 13
21.548500 27.747000 7
9.974900 20.538800 21
17.686800 25.520600 9
20.660700 26.790200 7
28.149500 18.156000 18
10.947800 15.938800 17
23.034300 16.769100 26
6.186800 19.232400 5
20.297300 19.053000 15
9.245800 24.849000 28
4.737800 10.683300 30
14.358700 26.054200 22
3.649900 20.364000 5
9.383800 21.235700 21
15.890500 21.106900 29
25.789700 17.732800 18
16.320600 12.067900 2
22.604200 8.838700 11
25.805800 10.635000 6
11.934500 8.436200 19
21.826800 26.764900 7
9.158400 20.943600 21
12.822300 21.021800 10
7.842800 9.970300 3
23.232100 12.042600 27
9.211300 21.955600 21
12.380700 13.595100 17
27.418100 21.571500 24
11.699900 21.035600 10
18.689600 25.520600 9
27.043200 9.600000 6
24.943300 24.000300 4
11.745900 14.154000 17
26.383100 29.235100 23
6.175300 20.428400 5
24.435000 27.813700 23
24.023300 13.217900 27
24.653500 6.244300 1
23.393100 16.465500 26
17.627000 26.698200 9
8.719100 15.793900 16
17.072700 14.324200 14
9.404500 16.219400 16
25.108900 16.902500 12
22.857200 7.930200 11
17.077300 26.330200 9
24.819100 25.003100 23
14.163200 18.781600 8
17.392400 20.851600 29
6.738800 17.233700 31
20.637700 19.393400 15
13.339800 19.441700 8
4.652700 9.406800 30
23.232100 17.792600 26
26.406100 14.531200 12
25.711500 10.050800 6
26.930500 22.406400 24
5.591100 28.687700 20
14.735900 27.572200 22
18.238800 11.467600 2
15.373000 19.437100 8
22.325900 7.863500 11
5.466900 17.748900 31
24.435000 24.297000 4
22.413300 8.413200 11
5.568100 21.033300 5
23.425300 10.855800 27
21.640500 28.535900 7
15.862900 23.671400 29
5.556600 27.004100 20
7.737000 10.361300 3
23.425300 17.150900 26
9.360800 20.955100 21
24.094600 24.467200 4
11.318100 14.634700 17
6.253500 16.495400 31
9.174500 14.788800 16
14.931400 9.988700 13
22.567400 13.070700 27
16.019300 25.736800 9
5.749800 17.001400 31
21.304700 25.702300 7
17.466000 10.423400 2
21.778500 7.148200 11
13.457100 21.185100 10
20.237500 19.340500 15
6.324800 19.968400 5
25.736800 9.740300 6
10.612000 25.203200 28
23.607000 12.155300 27
8.355700 10.152000 3
4.475600 20.276600 5
27.719400 13.799800 12
25.805800 17.275100 18
10.345200 24.294700 28
28.103500 21.389800 24
5.508300 27.664200 20
22.286800 10.520000 27
14.236800 8.953700 13
26.401500 24.600600 4
20.899900 27.887300 7
7.546100 10.717800 3
24.849000 27.583700 23
23.689800 7.265500 11
8.291300 9.422900 3
16.495400 9.390700 13
8.367200 14.876200 16
26.822400 22.415600 24
5.499100 9.595400 30
14.469100 25.244600 22
5.738300 27.855100 20
15.117700 27.795300 22
11.474500 7.415000 19
22.949200 14.754300 26
21.272500 4.560700 25
16.787500 16.065300 14
5.556600 11.180100 30
10.989200 13.061500 17
24.885800 14.319600 12
17.010600 21.838300 29
26.652200 14.211500 12
9.312500 15.101600 16
9.510300 25.936900 28
12.180600 22.206300 10
12.774000 21.704900 10
27.947100 11.168600 6
17.654600 25.628700 9
14.745100 24.901900 22
6.108600 27.885000 20
22.808900 7.992300 11
22.086700 12.534800 27
26.981100 10.296900 6
27.963200 16.046900 18
22.979100 11.580300 27
6.780200 16.983000 31
13.889500 20.426100 8
17.201500 20.782600 29
25.051400 5.747500 1
16.325200 8.590300 13
4.804500 21.198900 5
25.803500 6.193700 1
13.802100 26.967300 22
21.955600 16.065300 26
24.078500 5.669300 1
26.902900 14.643900 12
12.231200 8.180900 19
23.015900 10.947800 27
15.964100 15.069400 14
15.264900 8.213100 13
27.310000 9.340100 6
4.963200 20.124800 5
8.312000 21.348400 21
27.142100 21.787700 24
5.897000 29.255800 20
12.360000 20.577900 10
11.676900 21.415100 10
25.920800 17.854700 18
24.320000 28.098900 23
24.244100 23.623100 4
24.462600 9.008900 11
5.535900 20.801000 5
25.042200 23.087200 24
21.739400 10.782200 27
23.245900 11.801100 27
7.783000 14.775000 16
5.761300 19.588900 5
6.570900 20.403100 5
7.341400 16.819700 31
25.677000 17.921400 18
12.849900 19.064500 8
16.571300 15.276400 14
24.492500 23.779500 4
27.116800 5.694600 1
21.810700 27.333000 7
27.135200 18.926500 18
10.083000 24.101500 28
9.209000 14.804900 16
23.777200 9.634500 11
19.568200 19.881000 15
10.202600 24.115300 28
18.142200 11.996600 2
9.381500 21.679600 21
11.364100 15.191300 17
6.074100 17.696000 31
21.583000 3.792500 25
15.221200 19.046100 8
13.075300 28.719900 22
25.773600 27.454900 23
21.877400 5.223100 25
18.351500 26.647600 9
11.964400 14.232200 17
12.622200 21.617500 10
10.179600 8.450000 19
10.777600 13.871100 17
10.819000 24.816800 28
7.898000 10.204900 3
22.645600 6.702000 25
26.286500 21.564600 24
24.209600 16.120500 26
22.302900 27.540000 7
15.455800 8.450000 13
18.818400 25.053700 9
16.713900 11.584900 2
11.743600 13.896400 17
18.082400 27.666500 9
10.674100 8.468400 19
27.257100 16.962300 18
16.810500 21.829100 29
6.593900 28.177100 20
13.238600 19.595800 8
21.633600 12.231200 27
5.476100 16.918600 31
24.837500 5.441600 1
17.203800 11.768900 2
5.556600 20.377800 5
26.661400 21.454200 24
7.049300 16.224000 31
4.413500 27.277800 20
14.167800 26.054200 22
25.959900 28.579600 23
15.540900 9.347000 13
14.554200 26.127800 22
17.633900 10.814400 2
25.571200 27.307700 23
17.896100 11.805700 2
14.478300 21.764700 29
14.091900 26.070300 22
7.357500 10.326800 3
10.179600 24.685700 28
28.213900 18.133000 18
4.027100 27.275500 20
25.419400 26.656800 23
22.963000 15.980200 26
10.140500 23.294200 28
28.046000 18.045600 18
2.907000 20.564100 5
15.382200 21.762400 29
18.043300 25.833400 9
26.484300 23.710500 4
16.352800 9.878300 13
27.726300 22.546700 24
10.782200 23.340200 28
23.321800 22.958400 4
23.809400 12.410600 27
14.680700 25.782800 22
21.859000 4.882700 25
24.060100 27.190400 23
8.583400 21.863600 21
20.681400 26.847700 7
6.784800 21.044800 5
23.952000 17.282000 26
22.903200 11.527400 27
15.642100 14.167800 14
8.834100 15.085500 16
12.058700 7.734700 19
22.795100 15.538600 26
27.266300 11.495200 6
26.201400 13.473200 12
13.408800 27.151300 22
13.797500 21.339200 10
4.337600 27.307700 20
7.645000 14.945200 16
12.686600 22.013100 10
25.610300 7.619700 1
21.877400 27.241000 7
24.773100 6.092500 1
18.036400 25.755200 9
26.985700 10.545300 6
7.893400 11.375600 3
16.727700 11.665400 2
5.411700 19.340500 5
26.157700 10.529200 6
16.587400 22.470800 29
9.669000 20.267400 21
23.133200 16.329800 26
25.741400 28.133400 23
6.968800 27.563000 20
5.301300 20.244400 5
4.809100 9.652900 30
26.700500 16.923200 18
8.208500 9.963400 3
21.502500 5.485300 25
21.658900 6.692800 25
10.223300 7.576000 19
16.214800 8.325800 13
27.498600 10.423400 6
14.144800 17.921400 8
8.790400 14.420800 16
17.801800 26.709700 9
14.563400 7.205700 13
26.079500 28.066700 23
12.661300 26.534900 22
18.112300 26.525700 9
6.113200 16.044600 31
26.866100 10.667200 6
5.184000 20.596300 5
5.450800 15.377600 31
5.248400 9.420600 30
15.646700 21.157500 29
17.969700 26.801700 9
15.538600 9.813900 13
26.367000 10.326800 6
18.004200 25.801200 9
13.855000 26.622300 22
25.444700 24.004900 4
26.820100 19.057600 18
17.491300 10.428000 2
16.966900 8.519000 13
23.917500 12.925800 27
8.408600 20.635400 21
28.393300 16.822000 18
16.224000 15.437400 14
22.475400 15.306300 26
16.470100 14.013700 14
27.084600 17.075000 18
24.149800 24.678800 4
24.931800 23.862300 4
23.225200 11.998900 27
4.797600 9.689700 30
24.050900 9.324000 11
20.734300 19.950000 15
16.311400 14.952100 14
16.619600 15.016500 14
8.611000 21.525500 21
24.798400 27.468700 23
26.944300 10.865000 6
7.035500 19.607300 5
5.945300 16.796700 31
14.177000 21.362200 29
26.217500 21.573800 24
8.300500 21.242600 21
25.780500 15.212000 12
17.213000 14.013700 14
15.704200 22.866400 29
13.924000 25.290600 22
22.894000 15.283300 26
23.551800 12.217400 27
11.881600 9.287200 19
24.658100 5.993600 1
23.452900 9.199800 11
12.872900 18.710300 8
14.915300 18.100800 8
7.923300 10.400400 3
16.152700 14.121800 14
21.718700 12.281800 27
17.594800 11.384800 2
20.860800 18.471100 15
11.306600 20.847000 10
25.265300 6.246600 1
23.271200 12.320900 27
18.236500 11.766600 2
25.888600 14.195400 12
16.587400 23.393100 29
14.505900 27.307700 22
16.035400 23.248200 29
26.063400 27.068500 23
15.471900 26.886800 22
4.799900 28.368000 20
25.541300 28.342700 23
17.919100 25.440100 9
26.295700 15.508700 12
6.120100 9.413700 30
22.346600 6.131600 25
9.038800 15.669700 16
11.971300 8.169400 19
23.225200 29.246600 23
23.365500 15.718000 26
13.263900 21.640500 10
5.526700 27.077700 20
5.623300 19.830400 5
20.872300 28.308200 7
22.187900 5.844100 25
9.595400 9.146900 3
20.513500 19.340500 15
26.408400 15.221200 12
4.954000 8.930700 30
10.223300 13.489300 17
17.330300 26.173800 9
5.257600 27.549200 20
20.081100 19.230100 15
8.640900 15.913500 16
16.799000 15.616800 14
25.302100 6.143100 1
7.944000 13.089100 16
14.676100 7.898000 13
17.594800 27.482500 9
14.227600 27.480200 22
10.402700 23.655300 28
11.828700 15.536300 17
5.322000 19.570500 5
23.393100 15.954900 26
14.425400 27.802200 22
15.147600 26.341700 22
22.013100 8.360300 11
16.849600 9.595400 13
5.625600 21.270200 5
15.313200 21.548500 29
18.245700 13.020100 2
7.431100 18.333100 31
16.120500 8.990500 13
16.106700 14.420800 14
22.454700 6.281100 25
18.144500 26.088700 9
13.250100 26.509600 22
3.960400 21.566900 5
11.405500 14.643900 17
15.821500 22.137300 29
26.511900 22.509900 24
22.323600 8.155600 11
10.807500 7.304600 19
25.750600 27.073100 23
24.223400 7.546100 11
15.987100 9.813900 13
6.676700 15.738700 31
17.098000 13.574400 2
21.150600 20.129400 15
27.006400 18.179000 18
21.180500 19.253100 15
24.004900 23.912900 4
26.459000 22.408700 24
12.958000 7.481700 19
5.282900 10.191100 30
5.749800 16.506900 31
6.718100 17.597100 31
26.553300 15.041800 12
23.595500 5.379500 25
18.940300 11.699900 2
20.336400 27.001800 7
13.468600 26.948900 22
27.319200 22.404100 24
10.920200 24.770800 28
26.330200 28.282900 23
18.167500 25.750600 9
7.835900 22.703100 21
12.095500 12.856800 17
16.217100 25.456200 9
4.878100 10.209500 30
21.918800 9.705800 11
5.515200 27.747000 20
12.774000 14.423100 17
15.971000 9.623000 13
11.762000 13.473200 17
5.740600 21.389800 5
22.491500 11.713700 27
27.188100 17.633900 18
22.424800 7.654200 11
23.478200 15.768600 26
22.443200 11.134100 27
25.789700 15.145300 12
16.493100 14.243700 14
11.090400 14.616300 17
17.829400 25.746000 9
12.675100 14.798000 17
25.281400 7.546100 1
5.011500 10.398100 30
11.835600 15.471900 17
10.775300 21.780800 10
26.889100 17.042800 18
14.786500 22.208600 29
15.973300 15.761700 14
22.068300 12.286400 27
23.057300 28.533600 7
5.627900 16.566700 31
9.183700 9.848400 3
9.556300 21.755500 21
10.214100 7.405800 19
22.220100 5.407100 25
9.650600 15.568500 16
14.087300 28.611800 22
23.722000 7.904900 11
9.073300 8.930700 3
15.253400 20.971200 29
5.105800 11.527400 30
27.650400 17.176200 18
27.894200 10.478600 6
4.204200 20.994200 5
25.253800 5.572700 1
7.467900 15.062500 16
16.488500 14.683000 14
26.394600 16.796700 12
8.164800 10.306100 3
5.108100 27.514700 20
27.602100 18.928800 18
7.950900 20.697500 21
18.360700 26.376200 9
21.378300 11.858600 27
22.652500 28.156400 7
5.982100 9.413700 30
16.086000 14.878500 14
17.475200 24.697200 9
21.700300 27.257100 7
7.030900 16.730000 31
27.659600 16.872600 18
6.173000 19.335900 5
20.939000 20.334100 15
5.807300 11.322700 30
22.680100 4.549200 25
14.940600 22.526000 29
12.647500 21.649700 10
25.716100 5.515200 1
10.011700 24.039400 28
8.776600 25.283700 28
17.870800 25.267600 9
16.435600 23.487400 29
19.133500 26.298000 9
10.777600 24.490200 28
25.824200 6.784800 1
26.104800 26.187600 23
13.208700 22.240800 10
15.975600 10.186500 13
22.976800 8.259100 11
15.329300 8.668500 13
8.509800 22.031500 21
27.563000 16.932400 18
24.842100 9.386100 11
25.281400 14.229900 12
5.644000 28.062100 20
22.797400 10.747700 27
25.895500 5.439300 1
21.603700 28.246100 7
24.819100 24.977800 4
8.663900 15.191300 16
14.209200 26.148500 22
21.658900 5.860200 25
26.870700 10.347500 6
25.290600 14.956700 12
8.180900 15.757100 16
9.468900 23.466700 28
26.661400 7.341400 1
9.963400 7.849700 19
20.642300 20.226000 15
8.318900 9.036500 3
9.393000 23.239000 28
7.566800 20.598600 21
9.227400 14.823300 16
14.066600 26.990300 22
20.962000 27.204200 7
16.074500 14.002200 14
26.675200 22.095900 24
18.080100 26.088700 9
25.911600 14.160900 12
22.445500 11.913800 27
23.209100 8.893900 11
24.639700 24.251000 4
23.485100 8.307400 11
28.080500 10.531500 6
7.564500 15.908900 16
8.831800 20.384700 21
19.933900 27.914900 7
15.642100 21.502500 29
5.547400 10.264700 30
23.795600 12.932700 27
13.480100 27.579100 22
13.174200 27.015600 22
21.392100 19.069100 15
9.008900 10.395800 3
19.825800 20.097200 15
4.983900 19.570500 5
15.363800 8.923800 13
4.618200 17.753500 31
25.932300 14.848600 12
20.991900 20.561800 15
15.172900 22.850300 29
20.939000 20.893000 15
13.146600 19.131200 8
21.767000 6.269600 25
6.189100 18.116900 31
23.924400 9.163000 11
16.263100 10.025500 13
18.312400 11.663100 2
5.253000 16.812800 31
9.514900 25.088200 28
27.521600 16.534500 18
17.930600 12.189800 2
13.496200 26.594700 22
28.648600 16.566700 18
22.443200 14.570300 26
8.519000 22.898600 28
12.040300 7.891100 19
8.864000 21.511700 21
27.100700 14.524300 12
24.225700 16.035400 26
11.400900 13.696300 17
26.219800 5.733700 1
13.999900 21.647400 29
10.122100 15.117700 16
13.859600 18.052500 8
17.541900 11.888500 2
5.892400 28.211600 20
15.517900 18.528600 8
22.521400 15.987100 26
27.243300 9.156100 6
25.831100 18.029500 18
5.441600 18.498700 31
7.870400 16.086000 16
9.452800 24.561500 28
26.629200 22.162600 24
20.860800 19.197900 15
11.134100 21.065500 10
5.887800 16.378100 31
6.386900 27.236400 20
13.098300 20.853900 10
4.365200 25.962200 20
14.781900 26.643000 22
27.254800 20.856200 24
8.491400 10.223300 3
5.552000 15.557000 31
15.676600 22.208600 29
20.998800 5.264500 25
16.442500 10.991500 13
10.752300 25.435500 28
9.882900 14.528900 16
25.743700 6.317900 1
6.067200 15.998600 31
7.806000 11.497500 3
20.352500 21.196600 15
13.829700 18.905800 8
15.090100 21.334600 29
12.675100 7.495500 19
14.772700 26.486600 22
9.082500 22.560500 21
4.988500 10.655700 30
14.669200 20.860800 29
27.135200 18.390600 18
20.782600 20.499700 15
26.636100 9.784000 6
22.406400 12.537100 27
26.185300 23.779500 4
11.603300 19.478500 10
26.148500 10.616600 6
26.254300 10.331400 6
12.629100 22.075200 10
16.129700 8.914600 13
8.804200 22.270700 21
22.146500 8.433900 11
5.926900 26.937400 20
9.002000 11.143300 3
26.482000 9.664400 6
27.103000 21.847500 24
26.753400 14.938300 12
27.542300 16.460900 18
22.917000 11.127200 27
10.124400 25.003100 28
25.021500 6.564000 1
24.048600 25.428600 4
25.143400 23.703600 4
13.884900 18.862100 8
8.295900 15.697300 16
22.542100 9.650600 11
18.928800 19.285300 15
11.502100 21.606000 10
4.875800 10.991500 30
23.547200 8.976700 11
4.742400 20.410000 5
26.302600 6.780200 1
5.411700 17.081900 31
15.950300 13.733100 14
21.534700 5.271400 25
4.937900 27.742400 20
24.855900 27.119100 23
9.859900 24.119900 28
21.302400 17.231400 26
4.875800 16.559800 31
4.563000 10.708600 30
10.547600 23.620800 28
14.480600 27.556100 22
25.559700 26.932800 23
4.661900 10.464800 30
27.788400 18.349200 18
22.760600 11.419300 27
5.588800 16.311400 31
22.420200 29.104000 7
20.725100 19.542900 15
6.439800 27.132900 20
19.782100 20.223700 15
24.400500 27.687200 23
14.995800 21.886600 29
23.167700 12.320900 27
16.638000 12.964900 2
11.331900 8.045200 19
26.309500 15.842200 12
24.906500 26.686700 23
17.985800 11.506700 2
26.705100 20.780300 24
25.953000 8.213100 6
8.659300 21.001100 21
27.454900 17.495900 18
10.444100 24.078500 28
5.082800 17.783400 31
22.500700 5.338100 25
8.921500 21.286300 21
18.041000 25.757500 9
7.826700 15.810000 16
21.569200 4.556100 25
9.636800 8.194700 19
8.631700 21.118400 21
4.330700 17.256700 31
18.225000 24.589100 9
13.944700 17.880000 8
24.869700 14.639300 12
6.423700 17.470600 31
13.388100 26.001300 22
11.534300 19.563600 10
4.703300 9.360800 30
24.706400 24.347600 4
12.222000 21.539300 10
9.312500 20.830900 21
22.620300 8.916900 11
5.901600 27.804500 20
23.020500 5.209300 25
24.791500 6.262700 1
5.519800 10.168100 30
26.705100 11.978200 6
7.888800 15.103900 16
25.667800 23.659900 4
14.729000 27.475600 22
14.784200 18.231900 8
6.205200 15.667400 31
8.804200 10.301500 3
10.499300 8.930700 19
5.890100 16.939300 31
26.155400 17.576400 18
23.321800 12.659000 27
7.371300 15.402900 16
14.006800 28.379500 22
28.117300 17.725900 18
11.352600 23.505800 28
26.311800 14.542700 12
11.518200 15.262600 17
26.748800 16.081400 18
12.090900 15.147600 17
18.305500 25.016900 9
22.990600 18.323900 26
16.270000 14.853200 14
11.727500 7.484000 19
5.706100 19.214000 5
13.162700 26.845400 22
27.139800 16.447100 18
8.167100 15.336200 16
5.131100 16.681700 31
14.588700 23.317200 29
16.805900 11.131800 2
8.431600 15.299400 16
12.141500 15.474200 17
23.220600 26.824700 7
8.604100 21.362200 21
8.951400 14.634700 16
7.801400 22.036100 21
4.701000 9.878300 30
12.438200 8.585700 19
10.842000 14.089600 17
4.349100 20.269700 5
12.808500 26.574000 22
15.051000 19.007000 8
17.774200 26.442900 9
20.987300 19.595800 15
5.096600 27.344500 20
12.884400 22.070600 10
22.070600 16.063000 26
10.066900 26.074900 28
16.711600 26.210600 9
5.897000 10.232500 30
4.917200 20.768800 5
21.484100 28.124200 7
23.027400 15.833000 26
8.831800 21.612900 21
26.537200 23.310300 24
26.833900 21.221900 24
26.038100 14.324200 12
15.439700 14.784200 14
8.360300 16.702400 16
9.275700 14.906100 16
24.136000 28.492200 23
17.512000 26.003600 9
15.800800 21.573800 29
11.555000 25.039900 28
14.528900 26.560200 22
26.925900 15.563900 12
26.150800 24.575300 4
16.845000 12.923500 2
7.162000 18.183600 31
5.138000 27.678000 20
22.739900 11.504400 27
26.424500 14.917600 12
8.930700 22.312100 21
8.645500 16.548300 16
11.688400 15.011900 17
18.027200 12.617600 2
20.370900 10.952400 27
15.593800 8.514400 13
26.755700 8.838700 6
8.776600 14.733600 16
20.847000 28.285200 7
5.326600 16.672500 31
27.282400 17.139400 18
21.815300 6.071800 25
27.793000 22.535200 24
5.117300 16.746100 31
17.438400 12.212800 2
21.925700 5.404800 25
21.723300 6.538700 25
11.601000 8.981300 19
27.211100 18.689600 18
5.006900 20.826300 5
8.868600 14.982000 16
8.450000 20.980400 21
8.944500 14.683000 16
12.732600 22.197100 10
24.941000 5.018400 1
28.000000 10.890300 6
27.151300 17.236000 18
26.592400 6.092500 1
21.750900 15.377600 26
22.583500 26.422200 7
16.916300 11.492900 2
6.184500 27.935600 20
11.732100 7.757700 19
16.874900 11.518200 2
16.171100 14.420800 14
14.473700 26.822400 22
21.838300 16.168800 26
10.474000 8.588000 19
9.310200 11.653900 3
11.996600 21.410500 10
10.168100 9.080200 3
22.031500 12.272600 27
7.244800 15.009600 16
25.288300 22.190200 24
25.888600 15.269500 12
21.290900 27.887300 7
10.547600 14.066600 17
25.759800 9.390700 6
7.628900 9.899000 3
5.552000 9.715000 30
8.845600 10.386600 3
4.875800 20.446800 5
23.133200 8.139500 11
24.651200 24.943300 4
26.953500 15.513300 12
9.547100 15.016500 16
14.367900 25.861000 22
27.866600 29.290300 23
7.212600 15.488000 16
26.606200 18.296300 18
21.548500 26.921300 7
25.430900 27.887300 23
24.032500 26.433700 23
25.858700 5.220800 1
12.702700 19.559000 10
23.781800 8.525900 11
15.504100 10.186500 13
25.221600 27.174300 23
21.132200 20.803300 15
18.388300 10.002500 2
18.395200 24.671900 9
14.188500 27.682600 22
27.344500 11.212300 6
16.594300 15.511000 14
26.721200 4.742400 1
11.566500 8.990500 19
12.511800 8.933000 19
8.231500 20.676800 21
26.185300 14.466800 12
12.971800 15.336200 17
9.294100 15.143000 16
15.609900 8.870900 13
4.123700 10.218700 30
12.072500 13.390400 17
17.755800 26.026600 9
6.113200 16.187200 31
24.375200 24.478700 4
23.232100 15.025700 26
14.588700 10.227900 13
28.016100 16.872600 18
10.625800 24.209600 28
26.707400 15.156800 12
14.561100 26.916700 22
26.762600 9.625300 6
14.271300 18.089300 8
21.617500 27.553800 7
12.912000 13.878000 17
26.095600 10.375100 6
5.236900 9.084800 30
19.393400 12.560100 2
12.626800 19.710800 8
21.819900 5.823400 25
17.730500 25.380300 9
19.676300 19.862600 15
11.304300 14.455300 17
8.047500 20.032800 21
5.062100 20.147800 5
23.984200 8.698400 11
11.994300 21.962500 10
23.837000 24.853600 4
24.837500 27.889600 23
6.166100 21.670400 5
11.840200 9.013500 19
23.839300 24.315400 4
22.539800 8.121100 11
19.363500 11.628600 2
18.627500 25.382600 9
5.977500 17.824800 31
8.921500 10.057700 3
22.958400 15.078600 26
11.534300 21.403600 10
22.158000 6.104000 25
14.165500 27.261700 22
14.940600 14.501300 14
25.113500 22.238500 4
26.187600 22.999800 24
25.474600 13.809000 12
24.149800 8.790400 11
14.623200 26.286500 22
15.214300 10.007100 13
17.652300 11.509000 2
26.792500 14.234500 12
17.199200 12.596900 2
10.989200 9.574700 19
28.241500 18.303200 18
9.301000 16.297600 16
4.921800 20.019000 5
15.938800 15.191300 14
23.363200 10.025500 11
5.069000 10.839700 30
22.169500 5.370300 25
12.994800 20.713600 8
27.137500 22.452400 24
26.222100 21.675000 24
21.617500 27.376700 7
18.517100 9.876000 2
3.877600 10.977700 30
11.373300 8.231500 19
17.463700 10.821300 2
23.722000 11.736700 27
16.283800 8.841000 13
23.827800 12.757900 27
26.942000 22.342000 24
9.583900 25.451600 28
26.718900 10.262400 6
22.056800 5.782000 25
17.042800 11.359500 2
19.556700 19.059900 15
8.723700 15.189000 16
10.269300 8.289000 19
4.627400 28.917700 20
7.564500 8.882400 3
9.715000 9.915100 3
17.613200 13.468600 2
9.848400 23.839300 28
15.593800 15.048700 14
11.405500 15.589200 17
22.192500 6.446700 25
10.163500 9.123900 3
6.561700 21.484100 21
5.657800 9.342400 30
21.385200 19.565900 15
5.225400 28.501400 20
26.429100 10.391200 6
26.107100 13.454800 12
27.323800 20.531900 24
18.613700 11.380200 2
23.091800 15.359200 26
28.092000 22.841100 24
12.992500 21.371400 10
23.048100 16.518400 26
23.820900 8.146400 11
21.180500 26.863800 7
13.813600 25.927700 22
4.107600 10.713200 30
25.518300 4.822900 1
24.315400 24.218800 4
8.861700 21.405900 21
21.231100 27.098400 7
12.061000 21.497900 10
7.231000 19.885600 5
8.689200 9.721900 3
24.094600 11.987400 27
24.303900 4.882700 1
12.498000 14.503600 17
8.622500 22.213200 21
21.564600 20.403100 15
18.149100 25.725300 9
20.147800 18.376800 15
15.959500 9.356200 13
11.529700 14.052800 17
12.090900 7.679500 19
24.349900 25.138800 4
8.588000 11.032900 3
26.164600 15.968700 18
16.125100 10.664900 2
14.510500 16.851900 8
26.624600 18.084700 18
25.403300 22.728400 24
23.036600 15.674300 26
13.990700 25.647100 22
12.320900 18.011100 8
26.615400 11.635500 6
4.882700 10.248600 30
8.629400 23.029700 21
25.067500 24.492500 4
27.059300 21.629000 24
19.724600 19.897100 15
5.899300 27.282400 20
24.982400 14.977400 12
19.883300 18.852900 15
17.682200 24.694900 9
4.896500 9.151500 30
17.523500 25.591900 9
25.456200 6.702000 1
5.273700 27.820600 20
7.396600 16.198700 16
25.189400 5.499100 1
19.386500 20.419200 15
16.051500 14.308100 14
26.877600 18.689600 18
23.666800 7.502400 25
16.969200 14.761200 14
11.916100 8.224600 19
22.371900 11.741300 27
22.983700 6.207500 25
7.672600 22.121200 21
10.945500 14.885400 17
27.215700 23.935900 24
19.779800 20.313400 15
27.894200 16.920900 18
25.513700 6.357000 1
9.471200 24.791500 28
12.569300 14.338000 17
26.390000 7.040100 1
18.480300 12.095500 2
27.928700 10.993800 6
16.428700 25.288300 9
4.857400 9.721900 30
26.875300 11.288200 6
14.016000 10.126700 13
14.551900 21.987800 29
27.043200 21.948700 24
8.949100 9.786300 3
4.878100 9.542500 30
16.983000 15.727200 14
26.608500 18.420500 18
12.854500 19.147300 8
8.548900 21.640500 21
21.150600 28.163300 7
23.793300 8.282100 11
26.569400 9.227400 6
25.327400 5.646300 1
23.832400 17.399300 26
9.257300 22.024600 21
26.339400 23.255100 24
13.901000 18.199700 8
4.070800 10.584400 30
3.971900 19.878700 5
6.320200 27.344500 20
13.050000 18.234200 8
28.234600 10.416500 6
15.959500 10.018600 13
23.172300 11.239900 27
5.644000 10.632700 30
25.419400 14.462200 12
26.958100 22.466200 24
8.981300 9.712700 3
8.815700 16.102100 16
12.415200 19.220900 8
18.779300 25.099700 9
22.328200 7.990000 11
17.256700 25.240000 9
26.019700 10.931700 6
29.593900 9.738000 6
25.428600 28.050600 23
7.210300 11.124900 3
11.469900 6.892900 19
24.821400 13.277700 12
24.807600 8.222300 11
19.701600 17.976600 15
8.951400 11.062800 3
22.213200 4.641200 25
11.755100 23.979600 28
11.097300 13.132800 17
6.044200 17.093400 31
18.452700 11.246800 2
14.588700 17.946700 8
15.603000 16.161900 14
9.882900 8.772000 19
19.013900 26.422200 9
18.031800 25.157200 9
19.747600 19.101300 15
28.119600 18.236500 18
16.667900 14.584100 14
18.084700 25.828800 9
9.558600 16.796700 16
7.930200 14.687600 16
27.312300 10.253200 6
20.784900 26.459000 7
9.928900 24.791500 28
25.532100 10.566000 6
9.496500 21.700300 21
5.356500 27.114500 20
13.542200 20.545700 10
18.236500 26.413000 9
21.382900 8.857100 11
27.022500 22.498400 24
4.848200 9.310200 30
14.694500 8.693800 13
22.273000 27.772300 7
25.635600 5.637100 1
15.678900 8.818000 13
12.042600 21.215000 10
3.896000 20.065000 5
18.365300 12.063300 2
5.922300 16.989900 31
15.759400 21.769300 29
10.439500 24.016400 28
4.342200 11.550400 30
18.073200 25.447000 9
17.344100 15.225800 14
25.794300 28.480700 23
4.445700 27.300800 20
23.935900 23.834700 4
9.399900 23.662200 28
6.306400 16.824300 31
25.831100 15.520200 12
5.736000 16.999100 31
23.059600 16.258500 26
20.699800 20.768800 15
21.040200 19.188700 15
25.499900 5.673900 1
15.998600 22.802000 29
20.180000 21.327700 15
7.810600 11.322700 3
23.611600 16.840400 26
13.231700 27.855100 22
22.751400 11.200800 27
17.309600 11.189300 2
4.972400 20.016700 5
15.170600 21.776200 29
8.125700 15.354600 16
9.908200 24.849000 28
23.243600 13.487000 27
16.095200 9.618400 13
6.545600 16.697800 31
25.414800 27.266300 23
14.535800 22.388000 29
25.421700 7.313800 1
16.960000 10.637300 2
14.600200 18.570000 8
19.669400 19.977600 15
14.673800 27.774600 22
21.755500 15.414400 26
23.360900 5.660100 1
26.693600 28.186300 23
15.589200 10.214100 13
6.361600 27.558400 20
26.615400 17.783400 18
14.068900 19.423300 8
11.382500 8.408600 19
8.535100 22.031500 21
26.003600 25.778200 4
16.283800 22.427100 29
8.502900 9.179100 3
16.562100 9.503400 13
22.252300 7.599000 11
17.486700 10.662600 2
27.314600 18.082400 18
25.115800 6.191400 1
25.373400 21.776200 24
27.643500 17.978900 18
16.129700 22.141900 29
17.898400 9.945000 2
11.702200 8.289000 19
8.801900 11.334200 3
7.511600 22.542100 21
7.557600 20.161600 21
13.045400 19.034600 8
20.679100 26.951200 7
15.129200 23.034300 29
15.600700 18.951800 8
21.822200 10.963900 27
22.006200 11.582600 27
26.125500 13.891800 12
24.761600 26.486600 23
6.115500 16.877200 31
20.253600 19.103600 15
14.793400 23.147000 29
15.340800 19.388800 8
23.038900 7.194200 11
21.541600 16.102100 26
4.862000 17.111800 31
18.609100 25.488400 9
10.531500 24.957100 28
23.202200 16.428700 26
25.182500 26.357800 23
9.756400 14.915300 16
7.661100 10.759200 3
10.492400 14.526600 17
7.642700 22.194800 21
4.132900 28.326600 20
18.464200 11.713700 2
11.067400 24.216500 28
12.422100 20.805600 10
10.000200 24.048600 28
24.211900 8.615600 11
14.317300 23.289600 29
18.360700 11.828700 2
4.057000 21.451900 5
16.780600 14.616300 14
27.797600 18.291700 18
10.844300 7.730100 19
25.200900 24.711000 4
25.384900 29.437500 23
17.817900 25.444700 9
14.722100 19.186400 8
6.124700 10.674100 30
18.379100 25.447000 9
10.043900 24.393600 28
26.387700 9.698900 6
10.439500 14.556500 17
25.999000 4.855100 1
9.478100 20.623900 21
26.992600 17.192300 18
11.276700 13.206400 17
28.006900 17.905300 18
25.148000 5.929200 1
13.717000 18.710300 8
26.449800 6.699700 1
12.548600 13.958500 17
24.800700 24.501700 4
6.030400 20.150100 5
13.188000 22.316700 10
11.998900 13.675600 17
9.636800 21.688800 21
26.988000 9.991000 6
13.174200 26.921300 22
19.372700 19.565900 15
4.567600 19.977600 5
23.004400 11.433100 27
14.420800 9.462000 13
16.414900 14.853200 14
26.677500 21.458800 24
13.726200 19.846500 8
11.683800 20.904500 10
27.047800 17.827100 18
6.681300 27.560700 20
22.868700 15.156800 26
22.583500 8.502900 11
11.012200 25.341200 28
17.620100 24.584500 9
6.267300 18.749400 5
11.009900 24.453400 28
8.553500 16.557500 16
22.208600 5.522100 25
14.062000 18.770100 8
11.663100 22.468500 10
20.865400 20.449100 15
25.994400 23.979600 4
8.824900 9.933500 3
12.415200 9.887500 19
4.931000 20.030500 5
5.119600 10.211800 30
11.407800 9.128500 19
22.574300 8.537400 11
22.983700 15.897400 26
19.289900 20.094900 15
25.479200 24.191200 4
4.362900 28.220800 20
25.511400 28.940700 23
5.791200 19.749900 5
8.160200 20.738900 21
26.905200 9.031900 6
6.087900 16.120500 31
8.985900 19.108200 21
4.666500 20.451400 5
16.626500 15.085500 14
6.212100 17.958200 31
10.901800 9.257300 19
11.285900 8.082000 19
13.912500 10.674100 13
16.417200 9.140000 13
27.126000 20.752700 24
17.346400 25.260700 9
11.656200 14.984300 17
11.177800 14.370200 17
14.765800 8.723700 13
21.166700 26.516500 7
10.129000 14.485200 17
23.183800 5.731400 1
26.544100 17.344100 18
14.600200 21.840600 29
26.189900 28.041400 23
13.010900 7.907200 19
5.404800 27.811400 20
6.200600 20.189200 5
13.411100 21.888900 10
9.312500 15.359200 16
10.904100 24.009500 28
5.310500 18.503300 5
4.864300 16.081400 31
17.114100 9.731100 13
11.451500 14.349500 17
14.034400 19.050700 8
22.896300 16.258500 26
5.722200 9.747200 30
8.923800 20.244400 21
5.869400 20.370900 5
5.115000 19.749900 5
14.078100 17.921400 8
8.627100 11.837900 3
23.429900 25.065200 4
10.584400 23.774900 28
11.996600 13.744600 17
26.408400 21.557700 24
5.844100 17.399300 31
14.324200 26.656800 22
18.013400 26.670600 9
17.033600 25.366500 9
26.456700 29.012000 23
23.314900 17.001400 26
26.056500 17.183100 18
11.826400 14.365600 17
25.536700 27.804500 23
21.208100 4.875800 25
8.983600 9.710400 3
11.003000 24.237200 28
27.316900 9.117000 6
15.490300 21.341500 29
13.236300 26.155400 22
13.351300 18.558500 8
15.582300 13.829700 14
26.074900 22.496100 24
21.136800 28.257600 7
11.111100 20.828600 10
8.519000 14.975100 16
11.481400 24.432700 28
7.996900 10.706300 3
5.034500 27.636600 20
13.696300 18.797700 8
26.629200 16.380400 12
6.697400 20.012100 5
16.985300 12.318600 2
13.742300 25.141100 22
10.025500 23.977300 28
22.765200 12.714200 27
26.261200 22.429400 24
6.805500 9.445900 30
13.891800 9.298700 13
11.762000 13.944700 17
9.919700 21.201200 21
14.565700 23.197600 29
22.098200 6.092500 25
17.629300 11.350300 2
15.313200 22.355800 29
27.261700 20.037400 24
22.169500 5.772800 25
25.941500 23.883000 4
15.987100 21.964800 29
5.273700 10.980000 30
13.176500 14.692200 17
22.689300 9.213600 11
23.954300 11.584900 27
16.789800 12.212800 2
20.200700 25.713800 9
25.686200 27.737800 23
27.096100 17.367100 18
24.485600 23.655300 4
9.411400 24.469500 28
27.107600 22.365000 24
17.008300 14.101100 14
18.565400 25.686200 9
11.380200 8.408600 19
12.629100 20.134000 8
24.899600 24.586800 4
8.056700 14.742800 16
23.259700 8.374100 11
11.975900 20.876900 10
8.873200 15.225800 16
25.141100 27.006400 23
6.267300 26.863800 20
26.383100 10.303800 6
25.249200 5.648600 1
21.971700 27.434200 7
26.705100 23.305700 24
8.926100 14.650800 16
11.837900 8.164800 19
25.874800 6.545600 1
5.749800 20.688300 5
9.151500 15.561600 16
5.892400 10.646500 30
20.998800 27.132900 7
14.289700 16.842700 8
21.730200 26.058800 7
5.259900 27.947100 20
21.334600 20.313400 15
5.733700 20.502000 5
18.790800 10.497000 2
15.324700 22.392600 29
26.861500 10.324500 6
8.663900 15.851400 16
10.356700 24.386700 28
4.625100 27.804500 20
7.992300 19.460100 21
26.935100 21.909600 24
17.555700 11.212300 2
6.152300 18.905800 5
4.756200 17.877700 31
8.772000 20.778000 21
15.635200 21.394400 29
13.901000 25.736800 22
21.208100 27.091500 7
26.928200 18.114600 18
22.222400 4.673400 25
15.446600 26.410700 22
15.888200 22.595000 29
7.281600 10.283100 3
23.344800 16.490800 26
4.850500 27.979300 20
26.146200 15.078600 12
12.518700 21.150600 10
24.658100 25.861000 4
27.082300 10.087600 6
25.359600 14.206900 12
8.392500 21.224200 21
22.749100 16.690900 26
28.181700 10.867300 6
11.150200 8.192400 19
23.448300 12.169100 27
19.699300 27.882700 7
6.987200 17.238300 31
9.393000 9.473500 3
15.064800 18.668900 8
24.129100 27.418100 23
11.111100 14.172400 17
27.181200 16.329800 12
6.513400 21.415100 5
5.570400 19.471600 5
24.623600 6.117800 1
6.198300 27.103000 20
14.637000 19.646400 8
18.657400 26.452100 9
24.464900 5.752100 1
25.913900 23.218300 24
6.315600 26.785600 20
8.378700 14.627800 16
26.820100 18.823000 18
10.492400 8.868600 19
18.289400 26.716600 9
9.671300 20.690600 21
15.163700 19.370400 8
15.448900 20.959700 29
27.307700 9.296400 6
5.489900 17.277400 31
21.357600 6.430600 25
11.366400 23.853100 28
12.813100 8.049800 19
26.748800 22.705400 24
17.456800 14.275900 14
10.177300 24.727100 28
13.907900 9.018100 13
21.840600 7.001000 25
5.524400 20.435300 5
27.188100 21.688800 24
16.295300 15.218900 14
11.203100 20.672200 10
8.151000 21.707200 21
23.089500 16.366600 26
11.630900 22.470800 10
22.535200 5.887800 25
16.224000 14.517400 14
19.013900 25.453900 9
21.865900 6.002800 25
25.619500 29.853800 23
6.267300 10.819000 30
20.557200 19.358900 15
5.386400 20.835500 5
11.637800 8.962900 19
4.259400 21.081600 5
27.468700 15.632900 18
15.189000 9.197500 13
11.509000 8.774300 19
27.613600 9.742600 6
12.452000 20.476700 10
24.966300 29.150000 23
21.914200 15.996300 26
24.690300 24.032500 4
7.829000 21.021800 21
23.082600 12.456600 27
26.256600 21.888900 24
20.203000 19.959200 15
5.317400 18.809200 5
19.027700 25.969100 9
15.205100 14.039000 14
26.077200 28.726800 23
21.254100 22.059100 15
23.358600 9.924300 11
20.237500 20.032800 15
26.074900 14.515100 12
12.661300 21.035600 10
6.159200 21.090800 5
26.252000 18.438900 18
6.012000 19.770600 5
11.113400 21.433500 10
24.747800 7.783000 11
12.817700 22.199400 10
25.023800 6.274200 1
15.446600 14.998100 14
7.695600 16.214800 16
11.994300 8.785800 19
12.192100 14.620900 17
26.695900 21.658900 24
26.647600 9.241200 6
24.186600 9.181400 11
21.863600 27.774600 7
11.444600 13.013200 17
11.957500 14.528900 17
5.793500 17.847800 31
23.009000 16.711600 26
27.070800 10.814400 6
15.782400 8.581100 13
27.615900 22.319000 24
21.707200 15.437400 26
6.108600 17.385500 31
17.484400 25.573500 9
11.283600 13.815900 17
16.442500 12.935000 14
13.139700 14.542700 17
18.494100 12.587700 2
22.668600 11.732100 27
26.921300 14.547300 12
7.815200 21.497900 21
24.770800 6.757200 1
9.478100 14.597900 16
27.047800 10.285400 6
23.022800 11.966700 27
25.608000 15.754800 12
15.501800 20.759600 29
10.457900 9.020400 19
7.709400 14.637000 16
13.786000 18.521700 8
12.337000 8.261400 19
24.665000 23.239000 4
13.710100 26.511900 22
26.357800 21.635900 24
10.681000 22.339700 10
24.464900 7.247100 1
4.397400 10.386600 30
20.529600 27.622800 7
7.513900 13.804400 16
6.214400 9.827700 30
17.942100 11.805700 2
29.292600 17.461400 18
26.157700 9.563200 6
27.169700 22.112000 24
27.052400 17.638500 18
14.648500 21.136800 29
23.876100 6.375400 25
8.144100 10.844300 3
15.591500 9.303300 13
24.303900 15.490300 26
16.502300 25.242300 9
6.260400 26.636100 20
26.712000 24.522400 4
27.344500 9.376900 6
26.040400 23.876100 4
20.085700 6.193700 25
6.984900 17.178500 31
11.785000 14.788800 17
17.134800 10.260100 13
15.688100 26.974200 22
4.337600 19.782100 5
7.750800 10.947800 3
5.121900 18.427400 31
22.721500 11.113400 27
25.299800 13.590500 12
7.672600 21.233400 21
17.466000 15.193600 14
13.073000 21.530100 10
23.354000 7.757700 11
16.679400 8.284400 13
25.771300 23.029700 24
24.078500 15.283300 26
11.359500 14.381700 17
14.800300 22.208600 29
22.321300 9.011200 11
23.135500 15.975600 26
20.824000 27.954000 7
25.504500 24.524700 4
23.197600 9.567800 11
5.064400 27.567600 20
25.525200 21.543900 24
27.020200 20.656100 24
18.537800 11.651600 2
10.598200 24.761600 28
26.997200 17.183100 18
4.296200 20.927500 5
27.638900 14.496700 12
26.185300 16.187200 12
20.350200 20.094900 15
10.708600 15.469600 17
25.543600 5.984400 1
9.606900 25.069800 28
17.732800 11.656200 2
15.442000 8.022200 13
7.132100 19.738400 5
25.879400 15.021100 12
24.228000 27.107600 23
28.501400 21.932600 24
9.158400 10.853500 3
17.755800 12.123100 2
20.840100 5.694600 25
3.555600 26.930500 20
18.160600 12.548600 2
21.576100 7.877300 11
16.410300 14.390900 14
12.047200 20.637700 10
19.779800 20.191500 15
15.918100 11.412400 2
5.420900 21.251800 5
16.074500 18.105400 8
17.521200 11.874700 2
24.669600 26.852300 23
7.226400 28.427800 20
27.017900 10.616600 6
5.055200 18.521700 31
8.682300 9.098600 3
4.912600 10.589000 30
18.981700 11.699900 2
10.179600 22.316700 28
15.773200 15.329300 14
5.050600 27.569900 20
22.155700 11.430800 27
7.081500 10.499300 3
10.451000 6.840000 19
5.453100 20.706700 5
21.737100 5.397900 25
25.228500 4.744700 1
13.464000 18.496400 8
13.259300 27.595200 22
23.052700 5.170200 25
15.810000 21.279400 29
12.307100 20.925200 10
22.243100 5.379500 25
15.267200 21.422000 29
5.232300 10.198000 30
14.390900 21.714100 29
25.884000 6.329400 1
25.237700 9.708100 6
15.494900 15.338500 14
25.686200 23.199900 4
10.400400 9.974900 3
12.610700 14.959000 17
4.535400 15.849100 31
25.851800 18.618300 18
21.868200 4.848200 25
26.100200 19.749900 24
10.906400 7.265500 19
25.794300 13.947000 12
22.753700 5.593400 25
12.035700 7.511600 19
7.815200 15.649000 16
8.415500 9.763300 3
11.062800 21.422000 10
11.548100 21.980900 10
23.268900 6.005100 25
26.654500 22.604200 24
11.985100 9.634500 19
10.345200 24.653500 28
4.767700 20.550300 5
8.829500 10.464800 3
14.016000 18.866700 8
8.933000 13.928600 16
17.479800 26.396900 9
26.054200 23.137800 24
11.108800 21.578400 10
26.337100 18.119200 18
8.866300 20.692900 21
13.199500 16.918600 8
12.817700 14.701400 17
20.527300 28.253000 7
7.141300 10.398100 3
18.215800 26.475100 9
20.522700 19.457800 15
23.554100 13.116700 27
21.732500 27.880400 7
10.966200 23.864600 28
5.358800 19.706200 5
20.784900 27.544600 7
27.243300 12.562400 6
9.075600 9.372300 3
22.802000 27.383600 7
22.500700 8.247600 11
24.577600 27.820600 23
26.909800 8.279800 6
5.009200 27.165100 20
11.357200 23.558700 10
26.534900 21.976300 24
22.919300 16.419500 26
20.262800 19.685500 15
26.438300 15.041800 12
23.540300 6.156900 25
11.115700 13.286900 17
12.311700 13.707800 17
5.289800 19.754500 5
24.800700 4.415800 1
16.217100 15.030300 14
15.573100 21.244900 29
25.472300 22.551300 24
13.059200 28.036800 22
15.308600 14.890000 14
21.658900 5.464600 25
14.660000 9.698900 13
13.480100 21.077000 10
20.150100 7.231000 25
7.596700 9.524100 3
6.069500 9.669000 3
11.975900 20.589400 10
13.470900 27.303100 22
26.705100 10.340600 6
25.725300 6.729600 1
11.400900 8.408600 19
27.733200 16.996800 18
22.296000 6.005100 25
20.483600 19.317500 15
15.596100 25.081300 22
7.691000 11.969000 3
4.687200 11.766600 30
13.098300 25.235400 22
21.886600 8.965200 11
21.150600 27.572200 7
22.887100 16.854200 26
10.457900 13.537600 17
9.818500 14.671500 16
9.151500 10.796000 3
25.548200 5.710700 1
26.633800 10.161200 6
11.053600 8.289000 19
15.759400 9.682800 13
9.153800 21.750900 21
14.696800 21.875100 29
26.919000 16.270000 18
16.003200 8.608700 13
28.142600 21.495600 24
21.847500 6.754900 25
27.413500 22.344300 24
19.683200 19.013900 15
20.407700 27.678000 7
11.663100 8.203900 19
24.819100 6.131600 1
14.643900 11.143300 13
10.740800 14.558800 17
10.131300 25.028400 28
12.442800 21.863600 10
10.678700 23.993400 28
13.388100 26.127800 22
23.542600 8.877800 11
4.698700 19.575100 5
26.813200 17.705200 18
24.623600 5.687700 1
21.468000 27.365200 7
17.923700 11.557300 2
5.765900 28.197800 20
22.937700 16.681700 26
13.813600 9.565500 13
21.957900 11.354900 27
22.199400 11.686100 27
22.339700 16.007800 26
23.291900 5.119600 25
23.061900 16.182600 26
11.345700 8.811100 19
8.231500 20.950500 21
15.653600 13.445600 14
21.157500 26.700500 7
23.248200 9.738000 11
20.205300 27.659600 7
14.317300 27.576800 22
13.337500 21.824500 10
17.751200 26.790200 9
12.771700 21.005700 10
5.538200 27.300800 20
24.589100 27.429600 23
16.076800 17.031300 14
14.048200 17.926000 8
27.130600 6.957300 1
11.012200 25.090500 28
15.386800 26.261200 22
22.825000 16.495400 26
9.209000 11.046700 3
14.853200 8.923800 13
4.726300 26.371600 20
27.563000 10.273900 6
15.172900 9.496500 13
16.557500 11.338800 2
4.197300 20.499700 5
25.994400 16.686300 18
25.120400 4.650400 1
13.013200 14.195400 17
3.829300 20.842400 5
23.565600 8.737500 11
26.063400 14.733600 12
16.787500 15.402900 14
7.741600 15.370700 16
15.872100 12.886700 14
8.059000 14.476000 16
10.552200 22.905500 28
7.148200 27.972400 20
26.263500 28.694600 23
11.490600 21.702600 10
17.811000 11.476800 2
23.321800 8.946800 11
22.167200 10.800600 27
4.190400 21.226500 5
6.331700 27.436500 20
11.364100 7.099900 19
24.297000 23.975000 4
11.946000 15.018800 17
6.653700 17.019800 31
15.750200 21.891200 29
17.344100 25.989800 9
21.884300 16.028500 26
8.776600 15.386800 16
18.512500 11.842500 2
26.047300 13.201800 12
22.381100 15.943400 26
15.554700 21.909600 29
25.884000 27.958600 23
5.977500 21.472600 5
13.627300 18.498700 8
25.663200 23.977300 4
27.017900 9.602300 6
9.922000 23.705900 28
17.206100 24.575300 9
25.835700 10.451000 6
6.552500 26.937400 20
12.964900 15.191300 17
18.406700 26.403800 9
5.276000 17.247500 31
16.985300 25.391800 9
4.358300 9.310200 30
18.818400 26.808600 9
11.081200 8.452300 19
14.961300 21.208100 29
15.630600 9.218200 13
13.493900 18.319300 8
27.588300 22.015400 24
10.175000 25.177900 28
5.646300 18.933400 5
24.759300 24.366000 4
5.926900 27.878100 20
23.179200 5.071300 25
9.919700 20.492800 21
27.429600 9.742600 6
9.064100 21.801500 21
10.605100 6.904400 19
19.917800 19.427900 15
6.998700 21.769300 5
27.031700 14.432300 12
23.579400 16.870300 26
14.931400 7.909500 13
23.018200 27.542300 7
10.950100 8.615600 19
19.786700 20.596300 15
24.363700 26.870700 23
27.379000 17.907600 18
22.806600 27.832100 7
21.585300 16.355100 26
17.512000 10.991500 2
15.269500 18.806900 8
6.876800 10.430300 3
9.682800 21.592200 21
25.527500 4.933300 1
5.547400 10.223300 30
26.622300 10.276200 6
13.751500 19.087500 8
8.675400 19.798200 21
8.813400 21.100000 21
19.938500 18.128400 15
23.165400 15.294800 26
6.890600 16.095200 31
25.953000 26.169200 4
22.767500 17.949000 26
25.099700 5.800400 1
5.655500 10.296900 30
26.682100 22.972200 24
25.263000 5.308200 1
24.055500 24.372900 4
16.771400 11.387100 2
25.313600 28.011500 23
4.903400 26.801700 20
22.031500 11.529700 27
9.521800 14.816400 16
5.271400 9.282600 30
14.662300 21.327700 29
8.562700 15.333900 16
27.162800 16.730000 18
21.773900 4.093800 25
22.227000 15.028000 26
5.351900 27.841300 20
19.395700 21.217300 15
9.213600 13.760700 16
23.912900 8.548900 11
22.949200 4.641200 25
24.957100 15.030300 12
17.288900 11.787300 2
13.841200 26.242800 22
5.708400 15.789300 31
19.621100 19.126600 15
10.271600 20.370900 21
5.740600 22.066000 5
6.214400 11.672300 30
10.669500 14.250600 17
11.548100 8.861700 19
19.777500 18.882800 15
5.446200 29.274200 20
23.105600 27.724000 7
13.190300 13.450200 17
24.248700 27.507800 23
16.973800 9.439000 13
20.384700 19.119700 15
21.902700 4.701000 25
22.857200 9.160700 11
23.298800 16.385000 26
26.321000 22.029200 24
14.213800 27.533100 22
18.296300 25.382600 9
14.929100 23.413800 29
20.200700 27.036300 7
26.141600 28.545100 23
25.713800 28.793500 23
13.464000 27.505500 22
22.981400 6.851500 25
5.894700 16.267700 31
22.657100 5.280600 25
13.937800 18.627500 8
9.073300 21.385200 21
20.078800 26.617700 7
7.794500 10.899500 3
24.826000 15.297100 12
23.034300 8.689200 11
21.279400 27.638900 7
12.254200 15.090100 17
26.564800 21.150600 24
22.519100 11.274400 27
18.027200 11.962100 2
17.965100 12.525600 2
17.286600 12.293300 2
13.956200 19.593500 8
16.727700 13.868800 14
8.958300 20.322600 21
6.301800 15.789300 31
9.459700 21.047100 21
23.443700 24.055500 4
5.489900 10.957000 30
11.092700 21.923400 10
21.815300 5.232300 25
5.901600 20.122500 5
26.863800 13.917100 12
8.272900 11.115700 3
11.766600 21.451900 10
21.263300 19.609600 15
9.747200 24.294700 28
16.412600 9.765600 13
16.230900 14.749700 14
11.474500 13.167300 17
12.067900 20.828600 10
26.477400 7.741600 1
24.628200 23.423000 4
14.581800 23.275800 29
8.031400 9.567800 3
15.255700 21.226500 29
16.065300 22.544400 29
22.390300 6.386900 25
25.288300 28.039100 23
10.474000 7.930200 19
27.149000 14.305800 12
27.045500 22.578900 24
26.511900 27.843600 23
17.498200 11.955200 2
8.827200 11.028300 3
15.757100 15.258000 14
27.512400 17.031300 18
26.645300 15.354600 12
22.411000 12.270300 27
11.745900 15.166000 17
22.963000 14.892300 26
27.885000 16.474700 18
15.816900 21.776200 29
11.941400 14.625500 17
13.105200 19.462400 8
11.352600 14.630100 17
26.567100 21.330000 24
6.131600 9.310200 30
10.589000 14.137900 17
9.450500 22.178700 21
25.495300 24.989300 4
16.095200 14.363300 14
7.835900 9.496500 3
16.619600 13.776800 14
18.241100 25.058300 9
15.080900 22.670900 29
12.426700 21.141400 10
22.049900 11.911500 27
21.231100 5.986700 25
24.083100 8.491400 11
11.193900 21.265600 10
24.876600 4.466400 1
16.355100 9.970300 13
22.224700 5.630200 25
9.533300 21.385200 21
10.922500 15.099300 17
18.519400 24.773100 9
25.168700 29.124700 23
16.661000 25.447000 9
27.878100 16.780600 18
12.633700 21.817600 10
14.091900 26.594700 22
16.304500 10.876500 2
26.507300 14.926800 12
20.207600 28.023000 7
26.516500 22.546700 24
22.567400 4.767700 25
14.568000 25.748300 22
24.140600 8.530500 11
22.698500 16.700100 26
15.055600 9.489600 13
24.605200 27.655000 23
11.773500 8.187800 19
12.403700 14.409300 17
6.345500 16.877200 31
3.932800 26.718900 20
8.523600 14.347200 16
18.629800 19.805100 15
17.118700 10.460200 13
13.420300 13.514600 17
8.808800 16.115900 16
5.489900 10.708600 30
5.800400 15.497200 31
9.572400 15.883600 16
11.946000 6.860700 19
26.983400 6.633000 1
9.445900 21.925700 21
20.451400 27.213400 7
18.227300 26.445200 9
14.558800 14.400100 14
9.533300 15.462700 16
15.639800 11.228400 2
27.496300 17.406200 18
27.710200 6.253500 1
10.674100 14.218400 17
8.995100 9.567800 3
4.728600 19.276100 5
21.024100 27.029400 7
21.451900 26.850000 7
22.631800 10.761500 27
26.960400 14.848600 12
9.114700 21.578400 21
18.335400 26.155400 9
15.515600 14.880800 14
7.313800 11.660800 3
10.078400 21.985500 10
24.899600 27.392800 23
16.739200 11.030600 2
14.632400 8.585700 13
24.957100 28.464600 23
23.894500 24.991600 4
6.163800 19.766000 5
17.302700 13.638800 14
15.481100 9.581600 13
24.379800 8.164800 11
14.931400 22.181000 29
13.726200 18.369900 8
25.391800 13.997600 12
25.428600 6.283400 1
21.780800 27.873500 7
24.039400 24.676500 4
26.714300 21.861300 24
5.301300 27.625100 20
20.750400 5.289800 25
20.361700 27.866600 7
6.051100 16.102100 31
17.686800 11.435400 2
22.256900 5.979800 25
24.067000 16.605800 26
7.842800 14.450700 16
24.596000 24.458000 4
7.456400 11.325000 3
13.859600 18.273300 8
18.047900 26.166900 9
17.962800 10.462500 2
19.692400 24.529300 9
7.868100 19.434800 21
13.268500 22.192500 10
26.344000 5.952200 1
28.600300 17.859300 18
11.253700 20.644600 10
27.369800 10.227900 6
24.591400 5.800400 1
25.230800 25.320500 4
26.068000 14.439200 12
